1.000000000000000056e-01 7.090461065310385003e-01 8.100000000000000000e+03
3.000000000000000444e-01 nan 0.000000000000000000e+00
5.000000000000000000e-01 2.982285834771204458e-01 1.000000000000000000e+01
7.000000000000000666e-01 3.112554999216488039e-01 1.500000000000000000e+02
9.000000000000000222e-01 4.188393600712043696e-01 1.352000000000000000e+03
1.100000000000000089e+00 4.955152937012515801e-01 5.122000000000000000e+03
1.300000000000000266e+00 5.239636776948586316e-01 8.160000000000000000e+03
1.500000000000000222e+00 4.994709867199000897e-01 5.730000000000000000e+03
1.700000000000000178e+00 4.144469735287811818e-01 2.652000000000000000e+03
1.900000000000000133e+00 3.038061513637792532e-01 1.694000000000000000e+03
2.100000000000000089e+00 4.467097755525639702e-01 2.053200000000000000e+04
2.300000000000000266e+00 4.797802554876837711e-01 1.724600000000000000e+04
2.500000000000000444e+00 4.852862402101774109e-01 1.404400000000000000e+04
2.700000000000000178e+00 4.639448204923782848e-01 1.050000000000000000e+04
2.900000000000000355e+00 3.875530190543782783e-01 7.330000000000000000e+03
3.100000000000000089e+00 3.707374580165201383e-01 8.058000000000000000e+03
3.300000000000000266e+00 4.338178885717912103e-01 1.319000000000000000e+04
3.500000000000000444e+00 4.532632307733919230e-01 1.683400000000000000e+04
3.700000000000000178e+00 4.441980265205218159e-01 1.871000000000000000e+04
3.900000000000000355e+00 4.330809900610033125e-01 1.878800000000000000e+04
4.099999999999999645e+00 4.090404085777130105e-01 1.870800000000000000e+04
4.299999999999999822e+00 4.254746400116993787e-01 2.088800000000000000e+04
4.500000000000000000e+00 4.547274631604658057e-01 2.384000000000000000e+04
4.700000000000000178e+00 4.546615017185333674e-01 2.404200000000000000e+04
4.900000000000000355e+00 4.411034536606625589e-01 2.108200000000000000e+04
5.099999999999999645e+00 3.992243480338694139e-01 1.724000000000000000e+04
5.299999999999999822e+00 3.946948225245131003e-01 1.636800000000000000e+04
5.500000000000000000e+00 4.168325838963825580e-01 2.047600000000000000e+04
5.700000000000000178e+00 4.350105101069716151e-01 2.826000000000000000e+04
5.900000000000000355e+00 4.460973908455117543e-01 3.411200000000000000e+04
6.099999999999999645e+00 4.378305501254219356e-01 3.299400000000000000e+04
6.299999999999999822e+00 4.158199680591230241e-01 2.779200000000000000e+04
6.500000000000000000e+00 4.137781386934016314e-01 2.656200000000000000e+04
6.700000000000000178e+00 4.340808008338861157e-01 2.978800000000000000e+04
6.900000000000000355e+00 4.427412562669009177e-01 3.183000000000000000e+04
7.099999999999999645e+00 4.309478016143941104e-01 3.177800000000000000e+04
7.299999999999999822e+00 4.139837818498173228e-01 2.802800000000000000e+04
7.500000000000000000e+00 3.992020274230895227e-01 2.681000000000000000e+04
7.700000000000000178e+00 4.210439402813852539e-01 3.146000000000000000e+04
7.900000000000000355e+00 4.375201235631137608e-01 4.077600000000000000e+04
8.099999999999999645e+00 4.386337665779271866e-01 4.558000000000000000e+04
8.300000000000000711e+00 4.346465813936781775e-01 4.332200000000000000e+04
8.500000000000000000e+00 4.169290219025107991e-01 3.717000000000000000e+04
8.699999999999999289e+00 4.136780967944142517e-01 3.364800000000000000e+04
8.900000000000000355e+00 4.191904147038700290e-01 3.542800000000000000e+04
9.099999999999999645e+00 4.251054527755655510e-01 3.958600000000000000e+04
9.300000000000000711e+00 4.297310986946286104e-01 4.137600000000000000e+04
9.500000000000000000e+00 4.202436485879156303e-01 4.108200000000000000e+04
9.700000000000001066e+00 4.150791042539802023e-01 4.087400000000000000e+04
9.900000000000000355e+00 4.187355551141297982e-01 4.483600000000000000e+04
1.009999999999999964e+01 4.295870495403375511e-01 4.991400000000000000e+04
1.030000000000000071e+01 4.333782921995728010e-01 5.311800000000000000e+04
1.050000000000000000e+01 4.307460830708302879e-01 5.188600000000000000e+04
1.070000000000000107e+01 4.203327452540254749e-01 4.660800000000000000e+04
1.090000000000000036e+01 4.105329372334049487e-01 4.189000000000000000e+04
1.109999999999999964e+01 4.116236380056058075e-01 4.225400000000000000e+04
1.130000000000000071e+01 4.188467040082123893e-01 4.734400000000000000e+04
1.150000000000000000e+01 4.300011134216461528e-01 5.262200000000000000e+04
1.170000000000000107e+01 4.280744731717701645e-01 5.647600000000000000e+04
1.190000000000000036e+01 4.246697052519120552e-01 5.628800000000000000e+04
1.209999999999999964e+01 4.200048335974597147e-01 5.571200000000000000e+04
1.230000000000000071e+01 4.209903617815040078e-01 5.644800000000000000e+04
1.250000000000000000e+01 4.235313998329404694e-01 5.893600000000000000e+04
1.270000000000000107e+01 4.303627319148434216e-01 5.930400000000000000e+04
1.290000000000000036e+01 4.238933438600194226e-01 5.588800000000000000e+04
1.309999999999999964e+01 4.119824144976315661e-01 5.170400000000000000e+04
1.330000000000000071e+01 4.088656955213252342e-01 5.151200000000000000e+04
1.350000000000000000e+01 4.143296348020514830e-01 5.730400000000000000e+04
1.370000000000000107e+01 4.283954465321403449e-01 6.551400000000000000e+04
1.390000000000000036e+01 4.319976707781421621e-01 7.079200000000000000e+04
1.409999999999999964e+01 4.288551799084262539e-01 6.910800000000000000e+04
1.430000000000000071e+01 4.188847158126168813e-01 6.474000000000000000e+04
1.450000000000000000e+01 4.148270445124127570e-01 6.209400000000000000e+04
1.470000000000000107e+01 4.251058822872374465e-01 6.415800000000000000e+04
1.490000000000000036e+01 4.249512296373679776e-01 6.624600000000000000e+04
1.509999999999999964e+01 4.249747027846348391e-01 6.616200000000000000e+04
1.530000000000000071e+01 4.216994059412910723e-01 6.340400000000000000e+04
1.550000000000000000e+01 4.144902489471909979e-01 6.469200000000000000e+04
1.570000000000000107e+01 4.238000279343647203e-01 6.937600000000000000e+04
1.590000000000000036e+01 4.293303152590690619e-01 7.718000000000000000e+04
1.610000000000000142e+01 4.315968539685540728e-01 8.052400000000000000e+04
1.630000000000000071e+01 4.277515806032997636e-01 7.942400000000000000e+04
1.650000000000000355e+01 4.217787252199643455e-01 7.306400000000000000e+04
1.670000000000000284e+01 4.153978471094306180e-01 6.903400000000000000e+04
1.690000000000000213e+01 4.186303325073995052e-01 6.980600000000000000e+04
1.710000000000000142e+01 4.222180675505580738e-01 7.356000000000000000e+04
1.730000000000000071e+01 4.253467528172063528e-01 7.714200000000000000e+04
1.750000000000000355e+01 4.223199449006597717e-01 7.770000000000000000e+04
1.770000000000000284e+01 4.213851135340895837e-01 7.937400000000000000e+04
1.790000000000000213e+01 4.185312540507662438e-01 8.185600000000000000e+04
1.810000000000000142e+01 4.287463680480722017e-01 8.606800000000000000e+04
1.830000000000000071e+01 4.281613274496299248e-01 8.817600000000000000e+04
1.850000000000000355e+01 4.272307254518681319e-01 8.654600000000000000e+04
1.870000000000000284e+01 4.200912217403487414e-01 8.113200000000000000e+04
1.890000000000000213e+01 4.200411463150211522e-01 7.730000000000000000e+04
1.910000000000000142e+01 4.127311119739077716e-01 7.746400000000000000e+04
1.930000000000000426e+01 4.205682445620797516e-01 8.350400000000000000e+04
1.950000000000000355e+01 4.242550951740007292e-01 8.928800000000000000e+04
1.970000000000000284e+01 4.300244571307251240e-01 9.312000000000000000e+04
1.990000000000000213e+01 4.213557706233706512e-01 9.379800000000000000e+04
2.010000000000000142e+01 4.217922772514918761e-01 9.249800000000000000e+04
2.030000000000000426e+01 4.239180992711719664e-01 9.136200000000000000e+04
2.050000000000000355e+01 4.254793389349063037e-01 9.331800000000000000e+04
2.070000000000000284e+01 4.222875617280349436e-01 9.354800000000000000e+04
2.090000000000000213e+01 4.239670775487975884e-01 9.130200000000000000e+04
2.110000000000000142e+01 4.157927523750601928e-01 8.723200000000000000e+04
2.130000000000000426e+01 4.175311815525714065e-01 8.828400000000000000e+04
2.150000000000000355e+01 4.170978764774706526e-01 9.426800000000000000e+04
2.170000000000000284e+01 4.263827454794192340e-01 1.021760000000000000e+05
2.190000000000000213e+01 4.294282089702491367e-01 1.066240000000000000e+05
2.210000000000000142e+01 4.249958931948034646e-01 1.053440000000000000e+05
2.230000000000000426e+01 4.218031339079507669e-01 1.006040000000000000e+05
2.250000000000000355e+01 4.200399977594007628e-01 9.751000000000000000e+04
2.270000000000000284e+01 4.230058955156691947e-01 9.825800000000000000e+04
2.290000000000000213e+01 4.239502381387743601e-01 1.009820000000000000e+05
2.310000000000000142e+01 4.247187909863128219e-01 1.008860000000000000e+05
2.330000000000000426e+01 4.194976355521475297e-01 1.002600000000000000e+05
2.350000000000000355e+01 4.164763458696272291e-01 1.023780000000000000e+05
2.370000000000000284e+01 4.233491285012490057e-01 1.065440000000000000e+05
2.390000000000000213e+01 4.269537936326414651e-01 1.134380000000000000e+05
2.410000000000000142e+01 4.288274050043537899e-01 1.164420000000000000e+05
2.430000000000000426e+01 4.264492053535129945e-01 1.138560000000000000e+05
2.450000000000000355e+01 4.236094810371707209e-01 1.080880000000000000e+05
2.470000000000000284e+01 4.192648444064065449e-01 1.046700000000000000e+05
2.490000000000000213e+01 4.181800252322941391e-01 1.048720000000000000e+05
2.510000000000000142e+01 4.216226590408088115e-01 1.086460000000000000e+05
2.530000000000000426e+01 4.262862186633196160e-01 1.133200000000000000e+05
2.550000000000000355e+01 4.239796988535843303e-01 1.152800000000000000e+05
2.570000000000000284e+01 4.241616152365388359e-01 1.166500000000000000e+05
2.590000000000000213e+01 4.214259584820845284e-01 1.183040000000000000e+05
2.610000000000000142e+01 4.219078494703270565e-01 1.208680000000000000e+05
2.630000000000000426e+01 4.275149953675942416e-01 1.234520000000000000e+05
2.650000000000000355e+01 4.240438620461898234e-01 1.220760000000000000e+05
2.670000000000000284e+01 4.218254486298547157e-01 1.160880000000000000e+05
2.690000000000000213e+01 4.173779235335869364e-01 1.123220000000000000e+05
2.710000000000000142e+01 4.196310514490131927e-01 1.133780000000000000e+05
2.730000000000000426e+01 4.214494090059587861e-01 1.194700000000000000e+05
2.750000000000000355e+01 4.261828700985246243e-01 1.263080000000000000e+05
2.770000000000000284e+01 4.257576570039021124e-01 1.310240000000000000e+05
2.790000000000000213e+01 4.233469958856961313e-01 1.295000000000000000e+05
2.810000000000000142e+01 4.202332174622835925e-01 1.268560000000000000e+05
2.830000000000000426e+01 4.197738173950453233e-01 1.275000000000000000e+05
2.850000000000000355e+01 4.233908469612205350e-01 1.286340000000000000e+05
2.870000000000000284e+01 4.232937661967466347e-01 1.284920000000000000e+05
2.890000000000000213e+01 4.210262055768478340e-01 1.258460000000000000e+05
2.910000000000000142e+01 4.172979738706001918e-01 1.231620000000000000e+05
2.930000000000000426e+01 4.179275162102578656e-01 1.249800000000000000e+05
2.950000000000000355e+01 4.195399533838254369e-01 1.317360000000000000e+05
2.970000000000000284e+01 4.259627194829945229e-01 1.392520000000000000e+05
2.990000000000000213e+01 4.273689409431174480e-01 1.424120000000000000e+05
3.010000000000000142e+01 4.222496130326682251e-01 1.402280000000000000e+05
3.030000000000000426e+01 4.186323377555025704e-01 1.358360000000000000e+05
3.050000000000000355e+01 4.197052998394586454e-01 1.326000000000000000e+05
3.070000000000000284e+01 4.216735784267199305e-01 1.335060000000000000e+05
3.090000000000000213e+01 4.234187045278645645e-01 1.364900000000000000e+05
3.110000000000000142e+01 4.214065863483459351e-01 1.365600000000000000e+05
3.130000000000000426e+01 4.206638355333894852e-01 1.371000000000000000e+05
3.150000000000000355e+01 4.189486848664927821e-01 1.387060000000000000e+05
3.170000000000000284e+01 4.224289725375097726e-01 1.440280000000000000e+05
3.190000000000000213e+01 4.258916614597181849e-01 1.496160000000000000e+05
3.210000000000000142e+01 4.262598188738955240e-01 1.516740000000000000e+05
3.230000000000000426e+01 4.255437688892557691e-01 1.482740000000000000e+05
3.250000000000000000e+01 4.193623255029290120e-01 1.436300000000000000e+05
3.270000000000000284e+01 4.203366137553807835e-01 1.393440000000000000e+05
3.290000000000000568e+01 4.164414324527362932e-01 1.400000000000000000e+05
3.310000000000000142e+01 4.229616834210334630e-01 1.453280000000000000e+05
3.330000000000000426e+01 4.242489325333308470e-01 1.490920000000000000e+05
3.350000000000000000e+01 4.218285046044659703e-01 1.527480000000000000e+05
3.370000000000000284e+01 4.252049288214750367e-01 1.538180000000000000e+05
3.390000000000000568e+01 4.201455848762412626e-01 1.552660000000000000e+05
3.410000000000000142e+01 4.226194005981422364e-01 1.560140000000000000e+05
3.430000000000000426e+01 4.249154642665636805e-01 1.570080000000000000e+05
3.450000000000000000e+01 4.244845664622259873e-01 1.563880000000000000e+05
3.470000000000000284e+01 4.207115197656426386e-01 1.516280000000000000e+05
3.490000000000000568e+01 4.191961428053114225e-01 1.483380000000000000e+05
3.510000000000000142e+01 4.172575191169146658e-01 1.488540000000000000e+05
3.530000000000000426e+01 4.212152998521672687e-01 1.567400000000000000e+05
3.550000000000000000e+01 4.269447605969697301e-01 1.635940000000000000e+05
3.570000000000000284e+01 4.263561658951378064e-01 1.671100000000000000e+05
3.590000000000000568e+01 4.209504951973491171e-01 1.663180000000000000e+05
3.610000000000000142e+01 4.211587609808603028e-01 1.631980000000000000e+05
3.630000000000000426e+01 4.223617508842373858e-01 1.613640000000000000e+05
3.650000000000000000e+01 4.223170432094735527e-01 1.621080000000000000e+05
3.670000000000000284e+01 4.233395661683785893e-01 1.637940000000000000e+05
3.690000000000000568e+01 4.204032586426759144e-01 1.615740000000000000e+05
3.710000000000000142e+01 4.191720303714001061e-01 1.596440000000000000e+05
3.730000000000000426e+01 4.211798117143896181e-01 1.620400000000000000e+05
3.750000000000000000e+01 4.222074054587915404e-01 1.690920000000000000e+05
3.770000000000000284e+01 4.247193186263836240e-01 1.756440000000000000e+05
3.790000000000000568e+01 4.240634114758720097e-01 1.792440000000000000e+05
3.810000000000000142e+01 4.228240678803428798e-01 1.754840000000000000e+05
3.830000000000000426e+01 4.208786746842854698e-01 1.696600000000000000e+05
3.850000000000000711e+01 4.197978749115769959e-01 1.667480000000000000e+05
3.870000000000000284e+01 4.211633369647345138e-01 1.686260000000000000e+05
3.890000000000000568e+01 4.213352211135592551e-01 1.725100000000000000e+05
3.910000000000000142e+01 4.239655368749101205e-01 1.730180000000000000e+05
3.930000000000000426e+01 4.215543192833112740e-01 1.737720000000000000e+05
3.950000000000000711e+01 4.228110374170354624e-01 1.768140000000000000e+05
3.970000000000000284e+01 4.244586018831182361e-01 1.808280000000000000e+05
3.990000000000000568e+01 4.228858582708879821e-01 1.847660000000000000e+05
4.010000000000000142e+01 4.260168274095619823e-01 1.874140000000000000e+05
4.030000000000000426e+01 4.217790844824574337e-01 1.824840000000000000e+05
4.050000000000000711e+01 4.214409726759092423e-01 1.770740000000000000e+05
4.070000000000000284e+01 4.194800546411102671e-01 1.749480000000000000e+05
4.090000000000000568e+01 4.197116029906381995e-01 1.760480000000000000e+05
4.110000000000000142e+01 4.239152827037064863e-01 1.826380000000000000e+05
4.130000000000000426e+01 4.267612927087297559e-01 1.872980000000000000e+05
4.150000000000000711e+01 4.224709597785117898e-01 1.883040000000000000e+05
4.170000000000000284e+01 4.229553751808714512e-01 1.900640000000000000e+05
4.190000000000000568e+01 4.210711062234758217e-01 1.909900000000000000e+05
4.210000000000000142e+01 4.217099193358642140e-01 1.908580000000000000e+05
4.230000000000000426e+01 4.251331542631336391e-01 1.926560000000000000e+05
4.250000000000000711e+01 4.239108181809111975e-01 1.909600000000000000e+05
4.270000000000000284e+01 4.203791635706325969e-01 1.850760000000000000e+05
4.290000000000000568e+01 4.171952150662637249e-01 1.842620000000000000e+05
4.310000000000000142e+01 4.213569023994925278e-01 1.868740000000000000e+05
4.330000000000000426e+01 4.225308155669331156e-01 1.939080000000000000e+05
4.350000000000000711e+01 4.253381186967931105e-01 2.020480000000000000e+05
4.370000000000000284e+01 4.251858857152986948e-01 2.031700000000000000e+05
4.390000000000000568e+01 4.252556717815544896e-01 1.995160000000000000e+05
4.410000000000000142e+01 4.221727645149311869e-01 1.976760000000000000e+05
4.430000000000000426e+01 4.201590900651619442e-01 1.969820000000000000e+05
4.450000000000000711e+01 4.223839092834296149e-01 1.982100000000000000e+05
4.470000000000000284e+01 4.241024141411496862e-01 1.983300000000000000e+05
4.490000000000000568e+01 4.221358682893829872e-01 1.962700000000000000e+05
4.510000000000000142e+01 4.201184289747006417e-01 1.970560000000000000e+05
4.530000000000000426e+01 4.201106371233671033e-01 1.996240000000000000e+05
4.550000000000000711e+01 4.238884394053201721e-01 2.073580000000000000e+05
4.570000000000000284e+01 4.228332119056384952e-01 2.129820000000000000e+05
4.590000000000000568e+01 4.252373757318434477e-01 2.121860000000000000e+05
4.610000000000000142e+01 4.231426215170689953e-01 2.092940000000000000e+05
4.630000000000000426e+01 4.193535769634368360e-01 2.046440000000000000e+05
4.650000000000000711e+01 4.173560232617965493e-01 2.024480000000000000e+05
4.670000000000000284e+01 4.211448967620303185e-01 2.044400000000000000e+05
4.690000000000000568e+01 4.223729906734112194e-01 2.082640000000000000e+05
4.710000000000000142e+01 4.236060891522017147e-01 2.093060000000000000e+05
4.730000000000000426e+01 4.213741442381557789e-01 2.120480000000000000e+05
4.750000000000000711e+01 4.206624725246637109e-01 2.132280000000000000e+05
4.770000000000000284e+01 4.209377233299851362e-01 2.171940000000000000e+05
4.790000000000000568e+01 4.245538512043883772e-01 2.204800000000000000e+05
4.810000000000000142e+01 4.236056543009705244e-01 2.204420000000000000e+05
4.830000000000000426e+01 4.217650604482709453e-01 2.173960000000000000e+05
4.850000000000000711e+01 4.189348884319977206e-01 2.127500000000000000e+05
4.870000000000000284e+01 4.198069135092499793e-01 2.106980000000000000e+05
4.890000000000000568e+01 4.182592997429179227e-01 2.125220000000000000e+05
4.910000000000000142e+01 4.219186712029250885e-01 2.182840000000000000e+05
4.930000000000000426e+01 4.235461021855011499e-01 2.233280000000000000e+05
4.950000000000000711e+01 4.239529012489201554e-01 2.274280000000000000e+05
4.970000000000000284e+01 4.234269735385305933e-01 2.259340000000000000e+05
4.990000000000000568e+01 4.207833449700247308e-01 2.256340000000000000e+05
5.010000000000000142e+01 4.220868468820361818e-01 2.260080000000000000e+05
5.030000000000000426e+01 4.230828247538324094e-01 2.267100000000000000e+05
5.050000000000000711e+01 4.207194100720275665e-01 2.254560000000000000e+05
5.070000000000000284e+01 4.211927836350375376e-01 2.226080000000000000e+05
5.090000000000000568e+01 4.188769998887795221e-01 2.206760000000000000e+05
5.110000000000000142e+01 4.197685788760501246e-01 2.228200000000000000e+05
5.130000000000000426e+01 4.204756420940662376e-01 2.306280000000000000e+05
5.150000000000000711e+01 4.255133960121585401e-01 2.381740000000000000e+05
5.170000000000000284e+01 4.232153414233146282e-01 2.390660000000000000e+05
5.190000000000000568e+01 4.222157382283257543e-01 2.362020000000000000e+05
5.210000000000000142e+01 4.199306502562051291e-01 2.328340000000000000e+05
5.230000000000000426e+01 4.189825118671329784e-01 2.317720000000000000e+05
5.250000000000000711e+01 4.217958212348713043e-01 2.320600000000000000e+05
5.270000000000000284e+01 4.224218349889068413e-01 2.334140000000000000e+05
5.290000000000000568e+01 4.205576325574221785e-01 2.334300000000000000e+05
5.310000000000000142e+01 4.188855633403943957e-01 2.339040000000000000e+05
5.330000000000000426e+01 4.203628820208654138e-01 2.370900000000000000e+05
5.350000000000000711e+01 4.226250998374100343e-01 2.429940000000000000e+05
5.370000000000000284e+01 4.240422833741859798e-01 2.481900000000000000e+05
5.390000000000000568e+01 4.211656440252576350e-01 2.476600000000000000e+05
5.410000000000000142e+01 4.216241541603052978e-01 2.455560000000000000e+05
5.430000000000000426e+01 4.199224243476981089e-01 2.397240000000000000e+05
5.450000000000000711e+01 4.188271387022740044e-01 2.382660000000000000e+05
5.470000000000000284e+01 4.206109441195520771e-01 2.385260000000000000e+05
5.490000000000000568e+01 4.217413682077135739e-01 2.436380000000000000e+05
5.510000000000000142e+01 4.218414841398548387e-01 2.469940000000000000e+05
5.530000000000000426e+01 4.211939366037220633e-01 2.476620000000000000e+05
5.550000000000000711e+01 4.221318212441518281e-01 2.518600000000000000e+05
5.570000000000000284e+01 4.210536118704354958e-01 2.535660000000000000e+05
5.590000000000000568e+01 4.217855962815611481e-01 2.543800000000000000e+05
5.610000000000000142e+01 4.243151484557604047e-01 2.552900000000000000e+05
5.630000000000000426e+01 4.202391822215779116e-01 2.528960000000000000e+05
5.650000000000000711e+01 4.175239065352771561e-01 2.479720000000000000e+05
5.670000000000000284e+01 4.210923191901066454e-01 2.463300000000000000e+05
5.690000000000000568e+01 4.203001254759445304e-01 2.485520000000000000e+05
5.710000000000000142e+01 4.221326203112308328e-01 2.549280000000000000e+05
5.730000000000000426e+01 4.233154532386707580e-01 2.607740000000000000e+05
5.750000000000000711e+01 4.208793100220457606e-01 2.629240000000000000e+05
5.770000000000000284e+01 4.199613773225688296e-01 2.626080000000000000e+05
5.790000000000000568e+01 4.225625179080245153e-01 2.622840000000000000e+05
5.810000000000000142e+01 4.221871359978116578e-01 2.600340000000000000e+05
5.830000000000000426e+01 4.230429663844575416e-01 2.613980000000000000e+05
5.850000000000000711e+01 4.214564288120961066e-01 2.598920000000000000e+05
5.870000000000000284e+01 4.203573517286116612e-01 2.573560000000000000e+05
5.890000000000000568e+01 4.189865310923494568e-01 2.570240000000000000e+05
5.910000000000000142e+01 4.223770443765281213e-01 2.612200000000000000e+05
5.930000000000000426e+01 4.232288733483622889e-01 2.688640000000000000e+05
5.950000000000000711e+01 4.243197834999918316e-01 2.727340000000000000e+05
5.970000000000000284e+01 4.214252629867557554e-01 2.745560000000000000e+05
5.990000000000000568e+01 4.214558708358837613e-01 2.713200000000000000e+05
6.010000000000000142e+01 4.226805426462663662e-01 2.685240000000000000e+05
6.030000000000000426e+01 4.204398258939732735e-01 2.669660000000000000e+05
6.050000000000000711e+01 4.209814193067208943e-01 2.678840000000000000e+05
6.070000000000000284e+01 4.223030610837019694e-01 2.677220000000000000e+05
6.090000000000000568e+01 4.222476674358897064e-01 2.681440000000000000e+05
6.110000000000000142e+01 4.193179703066131081e-01 2.711340000000000000e+05
6.130000000000000426e+01 4.214524778576722586e-01 2.759640000000000000e+05
6.150000000000000711e+01 4.235089710616963266e-01 2.812280000000000000e+05
6.170000000000000284e+01 4.241745407043112093e-01 2.833080000000000000e+05
6.190000000000000568e+01 4.233772467772157211e-01 2.749560000000000000e+05
6.210000000000000142e+01 4.221428143040228398e-01 2.624380000000000000e+05
6.230000000000000426e+01 4.204686431244142319e-01 2.534980000000000000e+05
6.250000000000000711e+01 4.190966303395937120e-01 2.474880000000000000e+05
6.270000000000000284e+01 4.206575917057743808e-01 2.461200000000000000e+05
6.290000000000000568e+01 4.222070969873190638e-01 2.452480000000000000e+05
6.310000000000000142e+01 4.229113207142510822e-01 2.462560000000000000e+05
6.330000000000000426e+01 4.227481291181022227e-01 2.478880000000000000e+05
6.350000000000000711e+01 4.236028091055518141e-01 2.473380000000000000e+05
6.370000000000000284e+01 4.218246645391237060e-01 2.465980000000000000e+05
6.390000000000000568e+01 4.219609986680950553e-01 2.429760000000000000e+05
6.409999999999999432e+01 4.226304644777723607e-01 2.392600000000000000e+05
6.429999999999999716e+01 4.221102108721255242e-01 2.355920000000000000e+05
6.450000000000000000e+01 4.212028604318665548e-01 2.302720000000000000e+05
6.470000000000000284e+01 4.193914525909650526e-01 2.280260000000000000e+05
6.489999999999999147e+01 4.219962754873658461e-01 2.290340000000000000e+05
6.509999999999999432e+01 4.212893106354200223e-01 2.321420000000000000e+05
6.529999999999999716e+01 4.225813902298267144e-01 2.359260000000000000e+05
6.550000000000000000e+01 4.227184848302318887e-01 2.367700000000000000e+05
6.570000000000000284e+01 4.220838733019735556e-01 2.345120000000000000e+05
6.589999999999999147e+01 4.229282271257536752e-01 2.327220000000000000e+05
6.609999999999999432e+01 4.215570915789367823e-01 2.271800000000000000e+05
6.629999999999999716e+01 4.204799484922132624e-01 2.239480000000000000e+05
6.650000000000000000e+01 4.222356314112830633e-01 2.213880000000000000e+05
6.670000000000000284e+01 4.200979903465593135e-01 2.200960000000000000e+05
6.689999999999999147e+01 4.208717328457621254e-01 2.203140000000000000e+05
6.709999999999999432e+01 4.218685725231166028e-01 2.240180000000000000e+05
6.729999999999999716e+01 4.237535285248320016e-01 2.273760000000000000e+05
6.750000000000000000e+01 4.229724623541973871e-01 2.309060000000000000e+05
6.770000000000000284e+01 4.236648472683250954e-01 2.266740000000000000e+05
6.789999999999999147e+01 4.234142057666288039e-01 2.244020000000000000e+05
6.809999999999999432e+01 4.207856444430793652e-01 2.192560000000000000e+05
6.829999999999999716e+01 4.207207334632326878e-01 2.156500000000000000e+05
6.850000000000000000e+01 4.210000823324608343e-01 2.165040000000000000e+05
6.870000000000000284e+01 4.209040615380925665e-01 2.155340000000000000e+05
6.889999999999999147e+01 4.205222145487933494e-01 2.170480000000000000e+05
6.909999999999999432e+01 4.232151246338432538e-01 2.182540000000000000e+05
6.929999999999999716e+01 4.216610400969789674e-01 2.196660000000000000e+05
6.950000000000000000e+01 4.212407876199944501e-01 2.221460000000000000e+05
6.970000000000000284e+01 4.242913693361729521e-01 2.216560000000000000e+05
6.989999999999999147e+01 4.227718778491068585e-01 2.190200000000000000e+05
7.009999999999999432e+01 4.210619689144236566e-01 2.159440000000000000e+05
7.029999999999999716e+01 4.195764575539581709e-01 2.114100000000000000e+05
7.050000000000000000e+01 4.197439307267479824e-01 2.105380000000000000e+05
7.070000000000000284e+01 4.208288291034242290e-01 2.104620000000000000e+05
7.089999999999999147e+01 4.194330270925834547e-01 2.128840000000000000e+05
7.109999999999999432e+01 4.236596209267925461e-01 2.143440000000000000e+05
7.129999999999999716e+01 4.217963737254903367e-01 2.154380000000000000e+05
7.150000000000000000e+01 4.215231308975794788e-01 2.162180000000000000e+05
7.170000000000000284e+01 4.228575597099915595e-01 2.160640000000000000e+05
7.189999999999999147e+01 4.232279141831858937e-01 2.152180000000000000e+05
7.209999999999999432e+01 4.213508348844852147e-01 2.121600000000000000e+05
7.229999999999999716e+01 4.223812867923308345e-01 2.105080000000000000e+05
7.250000000000000000e+01 4.196062169469880199e-01 2.064780000000000000e+05
7.270000000000000284e+01 4.192624201475760870e-01 2.071400000000000000e+05
7.289999999999999147e+01 4.215351858186136558e-01 2.072000000000000000e+05
7.309999999999999432e+01 4.231650566307171846e-01 2.094620000000000000e+05
7.329999999999999716e+01 4.236114177496879130e-01 2.122920000000000000e+05
7.350000000000000000e+01 4.209969089418008625e-01 2.138380000000000000e+05
7.370000000000000284e+01 4.217846669906037960e-01 2.137540000000000000e+05
7.389999999999999147e+01 4.213128810524706114e-01 2.094780000000000000e+05
7.409999999999999432e+01 4.233961369888766257e-01 2.080700000000000000e+05
7.429999999999999716e+01 4.220567956675966848e-01 2.081720000000000000e+05
7.450000000000000000e+01 4.217045614145721877e-01 1.992940000000000000e+05
7.470000000000000284e+01 4.196557210571068564e-01 1.880340000000000000e+05
7.489999999999999147e+01 4.182397725759817164e-01 1.822280000000000000e+05
7.509999999999999432e+01 4.227473812672025155e-01 1.763480000000000000e+05
7.529999999999999716e+01 4.222699853709646622e-01 1.739680000000000000e+05
7.550000000000000000e+01 4.235487663058761232e-01 1.725280000000000000e+05
7.570000000000000284e+01 4.203452146716401550e-01 1.687120000000000000e+05
7.589999999999999147e+01 4.204887261771853568e-01 1.629700000000000000e+05
7.609999999999999432e+01 4.225855858044539892e-01 1.588480000000000000e+05
7.629999999999999716e+01 4.201144623727331995e-01 1.565520000000000000e+05
7.650000000000000000e+01 4.222932110369094216e-01 1.555860000000000000e+05
7.670000000000000284e+01 4.239693367185522477e-01 1.522960000000000000e+05
7.690000000000000568e+01 4.226666459089967187e-01 1.492080000000000000e+05
7.709999999999999432e+01 4.198395292979621440e-01 1.445980000000000000e+05
7.729999999999999716e+01 4.207931595390985158e-01 1.423000000000000000e+05
7.750000000000000000e+01 4.221452798315547539e-01 1.425720000000000000e+05
7.770000000000000284e+01 4.219786174548347812e-01 1.400180000000000000e+05
7.790000000000000568e+01 4.228772424866657498e-01 1.381660000000000000e+05
7.809999999999999432e+01 4.228636882312375445e-01 1.354520000000000000e+05
7.829999999999999716e+01 4.183527007308007195e-01 1.323940000000000000e+05
7.850000000000000000e+01 4.190401497311279089e-01 1.299800000000000000e+05
7.870000000000000284e+01 4.230519695369316935e-01 1.279020000000000000e+05
7.890000000000000568e+01 4.243517784434150397e-01 1.278620000000000000e+05
7.909999999999999432e+01 4.225089954952852556e-01 1.254760000000000000e+05
7.929999999999999716e+01 4.193446604428618940e-01 1.215520000000000000e+05
7.950000000000000000e+01 4.201146446635849463e-01 1.195160000000000000e+05
7.970000000000000284e+01 4.189954622431253939e-01 1.178300000000000000e+05
7.990000000000000568e+01 4.222708624268664557e-01 1.172840000000000000e+05
8.009999999999999432e+01 4.229743495514683982e-01 1.150740000000000000e+05
8.029999999999999716e+01 4.235478304410232320e-01 1.143780000000000000e+05
8.050000000000000000e+01 4.208904986841233709e-01 1.110060000000000000e+05
8.070000000000000284e+01 4.152150956282218419e-01 1.085220000000000000e+05
8.090000000000000568e+01 4.220007442002096099e-01 1.073960000000000000e+05
8.109999999999999432e+01 4.200140848363272950e-01 1.072720000000000000e+05
8.129999999999999716e+01 4.206385725455069058e-01 1.055820000000000000e+05
8.150000000000000000e+01 4.222982804028866943e-01 1.030880000000000000e+05
8.170000000000000284e+01 4.192919950022956921e-01 1.003180000000000000e+05
8.190000000000000568e+01 4.170727694608044045e-01 9.712800000000000000e+04
8.209999999999999432e+01 4.223944716869761362e-01 9.690200000000000000e+04
8.229999999999999716e+01 4.219171785199127833e-01 9.710000000000000000e+04
8.250000000000000000e+01 4.228888618602621996e-01 9.547800000000000000e+04
8.270000000000000284e+01 4.196206080383325099e-01 9.320800000000000000e+04
8.290000000000000568e+01 4.184424750332326193e-01 8.955400000000000000e+04
8.309999999999999432e+01 4.186516483995637583e-01 8.840200000000000000e+04
8.329999999999999716e+01 4.188142685477009852e-01 8.947000000000000000e+04
8.350000000000000000e+01 4.247336285271292589e-01 8.796400000000000000e+04
8.370000000000000284e+01 4.206540891736480492e-01 8.543400000000000000e+04
8.390000000000000568e+01 4.160919429197157404e-01 8.304400000000000000e+04
8.409999999999999432e+01 4.176258555431499042e-01 8.040800000000000000e+04
8.429999999999999716e+01 4.181800374945869314e-01 8.032200000000000000e+04
8.450000000000000000e+01 4.248165723323465426e-01 7.921400000000000000e+04
8.470000000000000284e+01 4.200755845984270320e-01 7.841200000000000000e+04
8.490000000000000568e+01 4.186712362715826474e-01 7.595400000000000000e+04
8.509999999999999432e+01 4.174364924746210015e-01 7.358800000000000000e+04
8.529999999999999716e+01 4.175611668458709680e-01 7.195400000000000000e+04
8.550000000000000000e+01 4.204874963610491512e-01 7.187800000000000000e+04
8.570000000000000284e+01 4.216215544087282829e-01 7.094600000000000000e+04
8.590000000000000568e+01 4.198727473672459465e-01 7.034000000000000000e+04
8.609999999999999432e+01 4.201400720074919826e-01 6.772800000000000000e+04
8.629999999999999716e+01 4.175995591653491879e-01 6.531000000000000000e+04
8.650000000000000000e+01 4.200661462975997518e-01 6.368400000000000000e+04
8.670000000000000284e+01 4.189156276882111674e-01 6.310800000000000000e+04
8.690000000000000568e+01 4.229809325668520970e-01 6.203800000000000000e+04
8.709999999999999432e+01 4.208008922047291045e-01 6.106200000000000000e+04
8.729999999999999716e+01 4.183575399004886286e-01 5.921200000000000000e+04
8.750000000000000000e+01 4.216247880939167914e-01 5.649000000000000000e+04
8.770000000000000284e+01 4.219405345097335114e-01 5.545800000000000000e+04
8.790000000000000568e+01 4.227560566472583492e-01 5.497200000000000000e+04
8.809999999999999432e+01 4.214428650637326856e-01 5.426000000000000000e+04
8.829999999999999716e+01 4.218063937521742690e-01 5.298800000000000000e+04
8.850000000000000000e+01 4.248295062025837510e-01 5.091600000000000000e+04
8.870000000000000284e+01 4.198771808851607390e-01 4.963800000000000000e+04
8.890000000000000568e+01 4.220462883497209661e-01 4.819200000000000000e+04
8.909999999999999432e+01 4.246033348096062143e-01 4.687000000000000000e+04
8.929999999999999716e+01 4.155232497822656246e-01 4.596600000000000000e+04
8.950000000000000000e+01 4.218657670090875667e-01 4.471400000000000000e+04
8.970000000000000284e+01 4.235680896551358154e-01 4.313400000000000000e+04
8.990000000000000568e+01 4.211451879437827506e-01 4.162000000000000000e+04
9.009999999999999432e+01 4.228608152741277215e-01 3.978400000000000000e+04
9.029999999999999716e+01 4.210069029041600408e-01 3.862600000000000000e+04
9.050000000000000000e+01 4.245421182420035522e-01 3.781000000000000000e+04
9.070000000000000284e+01 4.251713241149201461e-01 3.707000000000000000e+04
9.090000000000000568e+01 4.257564582186875723e-01 3.617000000000000000e+04
9.109999999999999432e+01 4.177328448410489448e-01 3.413200000000000000e+04
9.129999999999999716e+01 4.220374314876446653e-01 3.284200000000000000e+04
9.150000000000000000e+01 4.148925553240124797e-01 3.112600000000000000e+04
9.170000000000000284e+01 4.276221978722376527e-01 3.069000000000000000e+04
9.190000000000000568e+01 4.214412498370799787e-01 2.930000000000000000e+04
9.209999999999999432e+01 4.297319100634645062e-01 2.827600000000000000e+04
9.229999999999999716e+01 4.258614173953366167e-01 2.698200000000000000e+04
9.250000000000000000e+01 4.199072048483709074e-01 2.533200000000000000e+04
9.270000000000000284e+01 4.222991932886884792e-01 2.369600000000000000e+04
9.290000000000000568e+01 4.234679195351588876e-01 2.282200000000000000e+04
9.309999999999999432e+01 4.191701512937966445e-01 2.143200000000000000e+04
9.329999999999999716e+01 4.247213321387807716e-01 2.023200000000000000e+04
9.350000000000000000e+01 4.251444010742973512e-01 1.944600000000000000e+04
9.370000000000000284e+01 4.234823874338504157e-01 1.835400000000000000e+04
9.390000000000000568e+01 4.253519976427621030e-01 1.736800000000000000e+04
9.409999999999999432e+01 4.288521589587402927e-01 1.561200000000000000e+04
9.429999999999999716e+01 4.199338384604703878e-01 1.401000000000000000e+04
9.450000000000000000e+01 4.199107492377961437e-01 1.325800000000000000e+04
9.470000000000000284e+01 4.334426796112043623e-01 1.247800000000000000e+04
9.490000000000000568e+01 4.273485779092975889e-01 1.138400000000000000e+04
9.509999999999999432e+01 4.240697491511831729e-01 1.038200000000000000e+04
9.529999999999999716e+01 4.169611803850766796e-01 8.316000000000000000e+03
9.550000000000000000e+01 4.307110485853578585e-01 7.044000000000000000e+03
9.570000000000000284e+01 4.179326666699382797e-01 5.594000000000000000e+03
9.590000000000000568e+01 4.404384304304180264e-01 4.882000000000000000e+03
9.609999999999999432e+01 4.210684068021697257e-01 3.906000000000000000e+03
9.629999999999999716e+01 4.290473254436917849e-01 2.892000000000000000e+03
9.650000000000000000e+01 4.449795540527921034e-01 1.692000000000000000e+03
9.670000000000000284e+01 4.468614127581282403e-01 4.420000000000000000e+02
9.690000000000000568e+01 nan 0.000000000000000000e+00
9.709999999999999432e+01 nan 0.000000000000000000e+00
9.729999999999999716e+01 nan 0.000000000000000000e+00
9.750000000000000000e+01 nan 0.000000000000000000e+00
9.770000000000000284e+01 nan 0.000000000000000000e+00
9.790000000000000568e+01 nan 0.000000000000000000e+00
9.809999999999999432e+01 nan 0.000000000000000000e+00
9.829999999999999716e+01 nan 0.000000000000000000e+00
9.850000000000000000e+01 nan 0.000000000000000000e+00
9.870000000000000284e+01 nan 0.000000000000000000e+00
9.890000000000000568e+01 nan 0.000000000000000000e+00
9.909999999999999432e+01 nan 0.000000000000000000e+00
9.929999999999999716e+01 nan 0.000000000000000000e+00
9.950000000000000000e+01 nan 0.000000000000000000e+00
9.970000000000000284e+01 nan 0.000000000000000000e+00
9.990000000000000568e+01 nan 0.000000000000000000e+00
1.000999999999999943e+02 nan 0.000000000000000000e+00
1.002999999999999972e+02 nan 0.000000000000000000e+00
1.005000000000000000e+02 nan 0.000000000000000000e+00
1.007000000000000028e+02 nan 0.000000000000000000e+00
1.009000000000000057e+02 nan 0.000000000000000000e+00
1.010999999999999943e+02 nan 0.000000000000000000e+00
1.012999999999999972e+02 nan 0.000000000000000000e+00
1.015000000000000000e+02 nan 0.000000000000000000e+00
1.017000000000000028e+02 nan 0.000000000000000000e+00
1.019000000000000057e+02 nan 0.000000000000000000e+00
1.020999999999999943e+02 nan 0.000000000000000000e+00
1.022999999999999972e+02 nan 0.000000000000000000e+00
1.025000000000000000e+02 nan 0.000000000000000000e+00
1.027000000000000028e+02 nan 0.000000000000000000e+00
1.029000000000000057e+02 nan 0.000000000000000000e+00
1.030999999999999943e+02 nan 0.000000000000000000e+00
1.032999999999999972e+02 nan 0.000000000000000000e+00
1.035000000000000000e+02 nan 0.000000000000000000e+00
1.037000000000000028e+02 nan 0.000000000000000000e+00
1.039000000000000057e+02 nan 0.000000000000000000e+00
1.040999999999999943e+02 nan 0.000000000000000000e+00
1.042999999999999972e+02 nan 0.000000000000000000e+00
1.045000000000000000e+02 nan 0.000000000000000000e+00
1.047000000000000028e+02 nan 0.000000000000000000e+00
1.049000000000000057e+02 nan 0.000000000000000000e+00
1.050999999999999943e+02 nan 0.000000000000000000e+00
1.052999999999999972e+02 nan 0.000000000000000000e+00
1.055000000000000000e+02 nan 0.000000000000000000e+00
1.057000000000000028e+02 nan 0.000000000000000000e+00
1.059000000000000057e+02 nan 0.000000000000000000e+00
1.060999999999999943e+02 nan 0.000000000000000000e+00
1.062999999999999972e+02 nan 0.000000000000000000e+00
1.065000000000000000e+02 nan 0.000000000000000000e+00
1.067000000000000028e+02 nan 0.000000000000000000e+00
1.069000000000000057e+02 nan 0.000000000000000000e+00
1.070999999999999943e+02 nan 0.000000000000000000e+00
1.072999999999999972e+02 nan 0.000000000000000000e+00
1.075000000000000000e+02 nan 0.000000000000000000e+00
1.077000000000000028e+02 nan 0.000000000000000000e+00
1.079000000000000057e+02 nan 0.000000000000000000e+00
1.080999999999999943e+02 nan 0.000000000000000000e+00
1.082999999999999972e+02 nan 0.000000000000000000e+00
1.085000000000000000e+02 nan 0.000000000000000000e+00
1.087000000000000028e+02 nan 0.000000000000000000e+00
1.089000000000000057e+02 nan 0.000000000000000000e+00
1.090999999999999943e+02 nan 0.000000000000000000e+00
1.092999999999999972e+02 nan 0.000000000000000000e+00
1.095000000000000000e+02 nan 0.000000000000000000e+00
1.097000000000000028e+02 nan 0.000000000000000000e+00
1.099000000000000057e+02 nan 0.000000000000000000e+00
1.100999999999999943e+02 nan 0.000000000000000000e+00
1.102999999999999972e+02 nan 0.000000000000000000e+00
1.105000000000000000e+02 nan 0.000000000000000000e+00
1.107000000000000028e+02 nan 0.000000000000000000e+00
1.109000000000000057e+02 nan 0.000000000000000000e+00
1.110999999999999943e+02 nan 0.000000000000000000e+00
1.112999999999999972e+02 nan 0.000000000000000000e+00
1.115000000000000000e+02 nan 0.000000000000000000e+00
1.117000000000000028e+02 nan 0.000000000000000000e+00
1.119000000000000057e+02 nan 0.000000000000000000e+00
1.120999999999999943e+02 nan 0.000000000000000000e+00
1.122999999999999972e+02 nan 0.000000000000000000e+00
1.125000000000000000e+02 nan 0.000000000000000000e+00
1.127000000000000028e+02 nan 0.000000000000000000e+00
1.129000000000000057e+02 nan 0.000000000000000000e+00
1.130999999999999943e+02 nan 0.000000000000000000e+00
1.132999999999999972e+02 nan 0.000000000000000000e+00
1.135000000000000000e+02 nan 0.000000000000000000e+00
1.137000000000000028e+02 nan 0.000000000000000000e+00
1.139000000000000057e+02 nan 0.000000000000000000e+00
1.140999999999999943e+02 nan 0.000000000000000000e+00
1.142999999999999972e+02 nan 0.000000000000000000e+00
1.145000000000000000e+02 nan 0.000000000000000000e+00
1.147000000000000028e+02 nan 0.000000000000000000e+00
1.149000000000000057e+02 nan 0.000000000000000000e+00
1.150999999999999943e+02 nan 0.000000000000000000e+00
1.152999999999999972e+02 nan 0.000000000000000000e+00
1.155000000000000000e+02 nan 0.000000000000000000e+00
1.157000000000000028e+02 nan 0.000000000000000000e+00
1.159000000000000057e+02 nan 0.000000000000000000e+00
1.160999999999999943e+02 nan 0.000000000000000000e+00
1.162999999999999972e+02 nan 0.000000000000000000e+00
1.165000000000000000e+02 nan 0.000000000000000000e+00
1.167000000000000028e+02 nan 0.000000000000000000e+00
1.169000000000000057e+02 nan 0.000000000000000000e+00
1.170999999999999943e+02 nan 0.000000000000000000e+00
1.172999999999999972e+02 nan 0.000000000000000000e+00
1.175000000000000000e+02 nan 0.000000000000000000e+00
1.177000000000000028e+02 nan 0.000000000000000000e+00
1.179000000000000057e+02 nan 0.000000000000000000e+00
1.180999999999999943e+02 nan 0.000000000000000000e+00
1.182999999999999972e+02 nan 0.000000000000000000e+00
1.185000000000000000e+02 nan 0.000000000000000000e+00
1.187000000000000028e+02 nan 0.000000000000000000e+00
1.189000000000000057e+02 nan 0.000000000000000000e+00
1.190999999999999943e+02 nan 0.000000000000000000e+00
1.192999999999999972e+02 nan 0.000000000000000000e+00
1.195000000000000000e+02 nan 0.000000000000000000e+00
1.197000000000000028e+02 nan 0.000000000000000000e+00
1.199000000000000057e+02 nan 0.000000000000000000e+00
1.200999999999999943e+02 nan 0.000000000000000000e+00
1.202999999999999972e+02 nan 0.000000000000000000e+00
1.205000000000000000e+02 nan 0.000000000000000000e+00
1.207000000000000028e+02 nan 0.000000000000000000e+00
1.209000000000000057e+02 nan 0.000000000000000000e+00
1.210999999999999943e+02 nan 0.000000000000000000e+00
1.212999999999999972e+02 nan 0.000000000000000000e+00
1.215000000000000000e+02 nan 0.000000000000000000e+00
1.217000000000000028e+02 nan 0.000000000000000000e+00
1.219000000000000057e+02 nan 0.000000000000000000e+00
1.220999999999999943e+02 nan 0.000000000000000000e+00
1.222999999999999972e+02 nan 0.000000000000000000e+00
1.225000000000000000e+02 nan 0.000000000000000000e+00
1.227000000000000028e+02 nan 0.000000000000000000e+00
1.229000000000000057e+02 nan 0.000000000000000000e+00
1.230999999999999943e+02 nan 0.000000000000000000e+00
1.232999999999999972e+02 nan 0.000000000000000000e+00
1.235000000000000000e+02 nan 0.000000000000000000e+00
1.237000000000000028e+02 nan 0.000000000000000000e+00
1.239000000000000057e+02 nan 0.000000000000000000e+00
1.240999999999999943e+02 nan 0.000000000000000000e+00
1.242999999999999972e+02 nan 0.000000000000000000e+00
1.245000000000000000e+02 nan 0.000000000000000000e+00
1.247000000000000028e+02 nan 0.000000000000000000e+00
1.249000000000000057e+02 nan 0.000000000000000000e+00
1.250999999999999943e+02 nan 0.000000000000000000e+00
1.252999999999999972e+02 nan 0.000000000000000000e+00
1.255000000000000000e+02 nan 0.000000000000000000e+00
1.257000000000000028e+02 nan 0.000000000000000000e+00
1.259000000000000057e+02 nan 0.000000000000000000e+00
1.260999999999999943e+02 nan 0.000000000000000000e+00
1.262999999999999972e+02 nan 0.000000000000000000e+00
1.265000000000000000e+02 nan 0.000000000000000000e+00
1.267000000000000028e+02 nan 0.000000000000000000e+00
1.269000000000000057e+02 nan 0.000000000000000000e+00
1.270999999999999943e+02 nan 0.000000000000000000e+00
1.272999999999999972e+02 nan 0.000000000000000000e+00
1.275000000000000000e+02 nan 0.000000000000000000e+00
1.277000000000000028e+02 nan 0.000000000000000000e+00
1.279000000000000057e+02 nan 0.000000000000000000e+00
1.280999999999999943e+02 nan 0.000000000000000000e+00
1.283000000000000114e+02 nan 0.000000000000000000e+00
1.285000000000000000e+02 nan 0.000000000000000000e+00
1.286999999999999886e+02 nan 0.000000000000000000e+00
1.289000000000000057e+02 nan 0.000000000000000000e+00
1.290999999999999943e+02 nan 0.000000000000000000e+00
1.293000000000000114e+02 nan 0.000000000000000000e+00
1.295000000000000000e+02 nan 0.000000000000000000e+00
1.296999999999999886e+02 nan 0.000000000000000000e+00
1.299000000000000057e+02 nan 0.000000000000000000e+00
1.300999999999999943e+02 nan 0.000000000000000000e+00
1.303000000000000114e+02 nan 0.000000000000000000e+00
1.305000000000000000e+02 nan 0.000000000000000000e+00
1.306999999999999886e+02 nan 0.000000000000000000e+00
1.309000000000000057e+02 nan 0.000000000000000000e+00
1.310999999999999943e+02 nan 0.000000000000000000e+00
1.313000000000000114e+02 nan 0.000000000000000000e+00
1.315000000000000000e+02 nan 0.000000000000000000e+00
1.316999999999999886e+02 nan 0.000000000000000000e+00
1.319000000000000057e+02 nan 0.000000000000000000e+00
1.320999999999999943e+02 nan 0.000000000000000000e+00
1.323000000000000114e+02 nan 0.000000000000000000e+00
1.325000000000000000e+02 nan 0.000000000000000000e+00
1.326999999999999886e+02 nan 0.000000000000000000e+00
1.329000000000000057e+02 nan 0.000000000000000000e+00
1.330999999999999943e+02 nan 0.000000000000000000e+00
1.333000000000000114e+02 nan 0.000000000000000000e+00
1.335000000000000000e+02 nan 0.000000000000000000e+00
1.336999999999999886e+02 nan 0.000000000000000000e+00
1.339000000000000057e+02 nan 0.000000000000000000e+00
1.340999999999999943e+02 nan 0.000000000000000000e+00
1.343000000000000114e+02 nan 0.000000000000000000e+00
1.345000000000000000e+02 nan 0.000000000000000000e+00
1.346999999999999886e+02 nan 0.000000000000000000e+00
1.349000000000000057e+02 nan 0.000000000000000000e+00
1.350999999999999943e+02 nan 0.000000000000000000e+00
1.353000000000000114e+02 nan 0.000000000000000000e+00
1.355000000000000000e+02 nan 0.000000000000000000e+00
1.356999999999999886e+02 nan 0.000000000000000000e+00
1.359000000000000057e+02 nan 0.000000000000000000e+00
1.360999999999999943e+02 nan 0.000000000000000000e+00
1.363000000000000114e+02 nan 0.000000000000000000e+00
1.365000000000000000e+02 nan 0.000000000000000000e+00
1.366999999999999886e+02 nan 0.000000000000000000e+00
1.369000000000000057e+02 nan 0.000000000000000000e+00
1.370999999999999943e+02 nan 0.000000000000000000e+00
1.373000000000000114e+02 nan 0.000000000000000000e+00
1.375000000000000000e+02 nan 0.000000000000000000e+00
1.376999999999999886e+02 nan 0.000000000000000000e+00
1.379000000000000057e+02 nan 0.000000000000000000e+00
1.380999999999999943e+02 nan 0.000000000000000000e+00
1.383000000000000114e+02 nan 0.000000000000000000e+00
1.385000000000000000e+02 nan 0.000000000000000000e+00
1.386999999999999886e+02 nan 0.000000000000000000e+00
1.389000000000000057e+02 nan 0.000000000000000000e+00
1.390999999999999943e+02 nan 0.000000000000000000e+00
1.393000000000000114e+02 nan 0.000000000000000000e+00
1.395000000000000000e+02 nan 0.000000000000000000e+00
1.396999999999999886e+02 nan 0.000000000000000000e+00
1.399000000000000057e+02 nan 0.000000000000000000e+00
1.400999999999999943e+02 nan 0.000000000000000000e+00
1.403000000000000114e+02 nan 0.000000000000000000e+00
1.405000000000000000e+02 nan 0.000000000000000000e+00
1.406999999999999886e+02 nan 0.000000000000000000e+00
1.409000000000000057e+02 nan 0.000000000000000000e+00
1.410999999999999943e+02 nan 0.000000000000000000e+00
1.413000000000000114e+02 nan 0.000000000000000000e+00
1.415000000000000000e+02 nan 0.000000000000000000e+00
1.416999999999999886e+02 nan 0.000000000000000000e+00
1.419000000000000057e+02 nan 0.000000000000000000e+00
1.420999999999999943e+02 nan 0.000000000000000000e+00
1.423000000000000114e+02 nan 0.000000000000000000e+00
1.425000000000000000e+02 nan 0.000000000000000000e+00
1.426999999999999886e+02 nan 0.000000000000000000e+00
1.429000000000000057e+02 nan 0.000000000000000000e+00
1.430999999999999943e+02 nan 0.000000000000000000e+00
1.433000000000000114e+02 nan 0.000000000000000000e+00
1.435000000000000000e+02 nan 0.000000000000000000e+00
1.436999999999999886e+02 nan 0.000000000000000000e+00
1.439000000000000057e+02 nan 0.000000000000000000e+00
1.440999999999999943e+02 nan 0.000000000000000000e+00
1.443000000000000114e+02 nan 0.000000000000000000e+00
1.445000000000000000e+02 nan 0.000000000000000000e+00
1.446999999999999886e+02 nan 0.000000000000000000e+00
1.449000000000000057e+02 nan 0.000000000000000000e+00
1.450999999999999943e+02 nan 0.000000000000000000e+00
1.453000000000000114e+02 nan 0.000000000000000000e+00
1.455000000000000000e+02 nan 0.000000000000000000e+00
1.456999999999999886e+02 nan 0.000000000000000000e+00
1.459000000000000057e+02 nan 0.000000000000000000e+00
1.460999999999999943e+02 nan 0.000000000000000000e+00
1.463000000000000114e+02 nan 0.000000000000000000e+00
1.465000000000000000e+02 nan 0.000000000000000000e+00
1.466999999999999886e+02 nan 0.000000000000000000e+00
1.469000000000000057e+02 nan 0.000000000000000000e+00
1.470999999999999943e+02 nan 0.000000000000000000e+00
1.473000000000000114e+02 nan 0.000000000000000000e+00
1.475000000000000000e+02 nan 0.000000000000000000e+00
1.476999999999999886e+02 nan 0.000000000000000000e+00
1.479000000000000057e+02 nan 0.000000000000000000e+00
1.480999999999999943e+02 nan 0.000000000000000000e+00
1.483000000000000114e+02 nan 0.000000000000000000e+00
1.485000000000000000e+02 nan 0.000000000000000000e+00
1.486999999999999886e+02 nan 0.000000000000000000e+00
1.489000000000000057e+02 nan 0.000000000000000000e+00
1.490999999999999943e+02 nan 0.000000000000000000e+00
1.493000000000000114e+02 nan 0.000000000000000000e+00
1.495000000000000000e+02 nan 0.000000000000000000e+00
1.496999999999999886e+02 nan 0.000000000000000000e+00
1.499000000000000057e+02 nan 0.000000000000000000e+00
1.500999999999999943e+02 nan 0.000000000000000000e+00
1.503000000000000114e+02 nan 0.000000000000000000e+00
1.505000000000000000e+02 nan 0.000000000000000000e+00
1.506999999999999886e+02 nan 0.000000000000000000e+00
1.509000000000000057e+02 nan 0.000000000000000000e+00
1.510999999999999943e+02 nan 0.000000000000000000e+00
1.513000000000000114e+02 nan 0.000000000000000000e+00
1.515000000000000000e+02 nan 0.000000000000000000e+00
1.516999999999999886e+02 nan 0.000000000000000000e+00
1.519000000000000057e+02 nan 0.000000000000000000e+00
1.520999999999999943e+02 nan 0.000000000000000000e+00
1.523000000000000114e+02 nan 0.000000000000000000e+00
1.525000000000000000e+02 nan 0.000000000000000000e+00
1.526999999999999886e+02 nan 0.000000000000000000e+00
1.529000000000000057e+02 nan 0.000000000000000000e+00
1.530999999999999943e+02 nan 0.000000000000000000e+00
1.533000000000000114e+02 nan 0.000000000000000000e+00
1.535000000000000000e+02 nan 0.000000000000000000e+00
1.537000000000000171e+02 nan 0.000000000000000000e+00
1.539000000000000057e+02 nan 0.000000000000000000e+00
1.540999999999999943e+02 nan 0.000000000000000000e+00
1.543000000000000114e+02 nan 0.000000000000000000e+00
1.545000000000000000e+02 nan 0.000000000000000000e+00
1.547000000000000171e+02 nan 0.000000000000000000e+00
1.549000000000000057e+02 nan 0.000000000000000000e+00
1.550999999999999943e+02 nan 0.000000000000000000e+00
1.553000000000000114e+02 nan 0.000000000000000000e+00
1.555000000000000000e+02 nan 0.000000000000000000e+00
1.557000000000000171e+02 nan 0.000000000000000000e+00
1.559000000000000057e+02 nan 0.000000000000000000e+00
1.560999999999999943e+02 nan 0.000000000000000000e+00
1.563000000000000114e+02 nan 0.000000000000000000e+00
1.565000000000000000e+02 nan 0.000000000000000000e+00
1.567000000000000171e+02 nan 0.000000000000000000e+00
1.569000000000000057e+02 nan 0.000000000000000000e+00
1.570999999999999943e+02 nan 0.000000000000000000e+00
1.573000000000000114e+02 nan 0.000000000000000000e+00
1.575000000000000000e+02 nan 0.000000000000000000e+00
1.577000000000000171e+02 nan 0.000000000000000000e+00
1.579000000000000057e+02 nan 0.000000000000000000e+00
1.580999999999999943e+02 nan 0.000000000000000000e+00
1.583000000000000114e+02 nan 0.000000000000000000e+00
1.585000000000000000e+02 nan 0.000000000000000000e+00
1.587000000000000171e+02 nan 0.000000000000000000e+00
1.589000000000000057e+02 nan 0.000000000000000000e+00
1.590999999999999943e+02 nan 0.000000000000000000e+00
1.593000000000000114e+02 nan 0.000000000000000000e+00
1.595000000000000000e+02 nan 0.000000000000000000e+00
1.597000000000000171e+02 nan 0.000000000000000000e+00
1.599000000000000057e+02 nan 0.000000000000000000e+00
1.600999999999999943e+02 nan 0.000000000000000000e+00
1.603000000000000114e+02 nan 0.000000000000000000e+00
1.605000000000000000e+02 nan 0.000000000000000000e+00
1.607000000000000171e+02 nan 0.000000000000000000e+00
1.609000000000000057e+02 nan 0.000000000000000000e+00
1.610999999999999943e+02 nan 0.000000000000000000e+00
1.613000000000000114e+02 nan 0.000000000000000000e+00
1.615000000000000000e+02 nan 0.000000000000000000e+00
1.617000000000000171e+02 nan 0.000000000000000000e+00
1.619000000000000057e+02 nan 0.000000000000000000e+00
1.620999999999999943e+02 nan 0.000000000000000000e+00
1.623000000000000114e+02 nan 0.000000000000000000e+00
1.625000000000000000e+02 nan 0.000000000000000000e+00
1.627000000000000171e+02 nan 0.000000000000000000e+00
1.629000000000000057e+02 nan 0.000000000000000000e+00
1.630999999999999943e+02 nan 0.000000000000000000e+00
1.633000000000000114e+02 nan 0.000000000000000000e+00
1.635000000000000000e+02 nan 0.000000000000000000e+00
1.637000000000000171e+02 nan 0.000000000000000000e+00
1.639000000000000057e+02 nan 0.000000000000000000e+00
1.640999999999999943e+02 nan 0.000000000000000000e+00
1.643000000000000114e+02 nan 0.000000000000000000e+00
1.645000000000000000e+02 nan 0.000000000000000000e+00
1.647000000000000171e+02 nan 0.000000000000000000e+00
1.649000000000000057e+02 nan 0.000000000000000000e+00
1.650999999999999943e+02 nan 0.000000000000000000e+00
1.653000000000000114e+02 nan 0.000000000000000000e+00
1.655000000000000000e+02 nan 0.000000000000000000e+00
1.657000000000000171e+02 nan 0.000000000000000000e+00
1.659000000000000057e+02 nan 0.000000000000000000e+00
1.660999999999999943e+02 nan 0.000000000000000000e+00
1.663000000000000114e+02 nan 0.000000000000000000e+00
1.665000000000000000e+02 nan 0.000000000000000000e+00
1.667000000000000171e+02 nan 0.000000000000000000e+00
1.669000000000000057e+02 nan 0.000000000000000000e+00
1.670999999999999943e+02 nan 0.000000000000000000e+00
1.673000000000000114e+02 nan 0.000000000000000000e+00
1.675000000000000000e+02 nan 0.000000000000000000e+00
1.677000000000000171e+02 nan 0.000000000000000000e+00
1.679000000000000057e+02 nan 0.000000000000000000e+00
1.680999999999999943e+02 nan 0.000000000000000000e+00
1.683000000000000114e+02 nan 0.000000000000000000e+00
1.685000000000000000e+02 nan 0.000000000000000000e+00
1.687000000000000171e+02 nan 0.000000000000000000e+00
1.689000000000000057e+02 nan 0.000000000000000000e+00
1.690999999999999943e+02 nan 0.000000000000000000e+00
1.693000000000000114e+02 nan 0.000000000000000000e+00
1.695000000000000000e+02 nan 0.000000000000000000e+00
1.697000000000000171e+02 nan 0.000000000000000000e+00
1.699000000000000057e+02 nan 0.000000000000000000e+00
1.700999999999999943e+02 nan 0.000000000000000000e+00
1.703000000000000114e+02 nan 0.000000000000000000e+00
1.705000000000000000e+02 nan 0.000000000000000000e+00
1.707000000000000171e+02 nan 0.000000000000000000e+00
1.709000000000000057e+02 nan 0.000000000000000000e+00
1.710999999999999943e+02 nan 0.000000000000000000e+00
1.713000000000000114e+02 nan 0.000000000000000000e+00
1.715000000000000000e+02 nan 0.000000000000000000e+00
1.717000000000000171e+02 nan 0.000000000000000000e+00
1.719000000000000057e+02 nan 0.000000000000000000e+00
1.720999999999999943e+02 nan 0.000000000000000000e+00
1.723000000000000114e+02 nan 0.000000000000000000e+00
1.725000000000000000e+02 nan 0.000000000000000000e+00
1.727000000000000171e+02 nan 0.000000000000000000e+00
1.729000000000000057e+02 nan 0.000000000000000000e+00
1.730999999999999943e+02 nan 0.000000000000000000e+00
1.733000000000000114e+02 nan 0.000000000000000000e+00
1.735000000000000000e+02 nan 0.000000000000000000e+00
1.737000000000000171e+02 nan 0.000000000000000000e+00
1.739000000000000057e+02 nan 0.000000000000000000e+00
1.740999999999999943e+02 nan 0.000000000000000000e+00
1.743000000000000114e+02 nan 0.000000000000000000e+00
1.745000000000000000e+02 nan 0.000000000000000000e+00
1.747000000000000171e+02 nan 0.000000000000000000e+00
1.749000000000000057e+02 nan 0.000000000000000000e+00
1.750999999999999943e+02 nan 0.000000000000000000e+00
1.753000000000000114e+02 nan 0.000000000000000000e+00
1.755000000000000000e+02 nan 0.000000000000000000e+00
1.757000000000000171e+02 nan 0.000000000000000000e+00
1.759000000000000057e+02 nan 0.000000000000000000e+00
1.760999999999999943e+02 nan 0.000000000000000000e+00
1.763000000000000114e+02 nan 0.000000000000000000e+00
1.765000000000000000e+02 nan 0.000000000000000000e+00
1.767000000000000171e+02 nan 0.000000000000000000e+00
1.769000000000000057e+02 nan 0.000000000000000000e+00
1.770999999999999943e+02 nan 0.000000000000000000e+00
1.773000000000000114e+02 nan 0.000000000000000000e+00
1.775000000000000000e+02 nan 0.000000000000000000e+00
1.777000000000000171e+02 nan 0.000000000000000000e+00
1.779000000000000057e+02 nan 0.000000000000000000e+00
1.780999999999999943e+02 nan 0.000000000000000000e+00
1.783000000000000114e+02 nan 0.000000000000000000e+00
1.785000000000000000e+02 nan 0.000000000000000000e+00
1.787000000000000171e+02 nan 0.000000000000000000e+00
1.789000000000000057e+02 nan 0.000000000000000000e+00
1.790999999999999943e+02 nan 0.000000000000000000e+00
1.793000000000000114e+02 nan 0.000000000000000000e+00
1.795000000000000000e+02 nan 0.000000000000000000e+00
1.797000000000000171e+02 nan 0.000000000000000000e+00
1.799000000000000057e+02 nan 0.000000000000000000e+00
1.800999999999999943e+02 nan 0.000000000000000000e+00
1.803000000000000114e+02 nan 0.000000000000000000e+00
1.805000000000000000e+02 nan 0.000000000000000000e+00
1.807000000000000171e+02 nan 0.000000000000000000e+00
1.809000000000000057e+02 nan 0.000000000000000000e+00
1.810999999999999943e+02 nan 0.000000000000000000e+00
1.813000000000000114e+02 nan 0.000000000000000000e+00
1.815000000000000000e+02 nan 0.000000000000000000e+00
1.817000000000000171e+02 nan 0.000000000000000000e+00
1.819000000000000057e+02 nan 0.000000000000000000e+00
1.820999999999999943e+02 nan 0.000000000000000000e+00
1.823000000000000114e+02 nan 0.000000000000000000e+00
1.825000000000000000e+02 nan 0.000000000000000000e+00
1.827000000000000171e+02 nan 0.000000000000000000e+00
1.829000000000000057e+02 nan 0.000000000000000000e+00
1.830999999999999943e+02 nan 0.000000000000000000e+00
1.833000000000000114e+02 nan 0.000000000000000000e+00
1.835000000000000000e+02 nan 0.000000000000000000e+00
1.837000000000000171e+02 nan 0.000000000000000000e+00
1.839000000000000057e+02 nan 0.000000000000000000e+00
1.840999999999999943e+02 nan 0.000000000000000000e+00
1.843000000000000114e+02 nan 0.000000000000000000e+00
1.845000000000000000e+02 nan 0.000000000000000000e+00
1.847000000000000171e+02 nan 0.000000000000000000e+00
1.849000000000000057e+02 nan 0.000000000000000000e+00
1.850999999999999943e+02 nan 0.000000000000000000e+00
1.853000000000000114e+02 nan 0.000000000000000000e+00
1.855000000000000000e+02 nan 0.000000000000000000e+00
1.857000000000000171e+02 nan 0.000000000000000000e+00
1.859000000000000057e+02 nan 0.000000000000000000e+00
1.860999999999999943e+02 nan 0.000000000000000000e+00
1.863000000000000114e+02 nan 0.000000000000000000e+00
1.865000000000000000e+02 nan 0.000000000000000000e+00
1.867000000000000171e+02 nan 0.000000000000000000e+00
1.869000000000000057e+02 nan 0.000000000000000000e+00
1.870999999999999943e+02 nan 0.000000000000000000e+00
1.873000000000000114e+02 nan 0.000000000000000000e+00
1.875000000000000000e+02 nan 0.000000000000000000e+00
1.877000000000000171e+02 nan 0.000000000000000000e+00
1.879000000000000057e+02 nan 0.000000000000000000e+00
1.880999999999999943e+02 nan 0.000000000000000000e+00
1.883000000000000114e+02 nan 0.000000000000000000e+00
1.885000000000000000e+02 nan 0.000000000000000000e+00
1.887000000000000171e+02 nan 0.000000000000000000e+00
1.889000000000000057e+02 nan 0.000000000000000000e+00
1.890999999999999943e+02 nan 0.000000000000000000e+00
1.893000000000000114e+02 nan 0.000000000000000000e+00
1.895000000000000000e+02 nan 0.000000000000000000e+00
1.897000000000000171e+02 nan 0.000000000000000000e+00
1.899000000000000057e+02 nan 0.000000000000000000e+00
1.900999999999999943e+02 nan 0.000000000000000000e+00
1.903000000000000114e+02 nan 0.000000000000000000e+00
1.905000000000000000e+02 nan 0.000000000000000000e+00
1.907000000000000171e+02 nan 0.000000000000000000e+00
1.909000000000000057e+02 nan 0.000000000000000000e+00
1.910999999999999943e+02 nan 0.000000000000000000e+00
1.913000000000000114e+02 nan 0.000000000000000000e+00
1.915000000000000000e+02 nan 0.000000000000000000e+00
1.917000000000000171e+02 nan 0.000000000000000000e+00
1.919000000000000057e+02 nan 0.000000000000000000e+00
1.920999999999999943e+02 nan 0.000000000000000000e+00
1.923000000000000114e+02 nan 0.000000000000000000e+00
1.925000000000000000e+02 nan 0.000000000000000000e+00
1.927000000000000171e+02 nan 0.000000000000000000e+00
1.929000000000000057e+02 nan 0.000000000000000000e+00
1.930999999999999943e+02 nan 0.000000000000000000e+00
1.933000000000000114e+02 nan 0.000000000000000000e+00
1.935000000000000000e+02 nan 0.000000000000000000e+00
1.937000000000000171e+02 nan 0.000000000000000000e+00
